Image Height: 512
Image Width: 512
Block Height: 4
Block Width: 4
Codebook Size: 4
Bits Required: 2

Compressed Matrix (Binary):
10 10 10 10 10 10 10 10 10 10 11 11 11 11 10 01 01 01 01 01 01 01 01 01 01 01 01 01 01 10 10 10 10 10 10 10 10 10 10 10 10 10 10 10 10 10 10 10 10 10 10 10 10 10 10 10 10 10 10 10 10 10 10 10 10 10 10 10 10 10 10 10 10 10 10 10 01 01 01 01 01 10 10 10 10 10 10 10 10 10 10 10 10 10 10 10 10 10 10 10 10 11 11 11 11 10 01 01 01 01 01 01 10 01 10 10 10 10 10 01 10 10 10 10 01 01 10 10 
10 10 10 10 10 10 10 10 10 10 11 11 11 10 10 01 01 01 01 01 01 01 01 01 01 01 01 01 01 10 10 10 10 10 10 10 10 10 10 10 10 10 10 10 10 10 10 10 10 10 10 10 10 10 10 10 10 10 10 10 10 10 10 10 10 10 10 10 10 10 10 10 10 10 10 10 10 01 01 01 01 10 10 10 10 10 10 10 10 10 10 10 10 10 10 10 10 10 10 10 10 11 11 11 11 11 01 01 01 01 01 01 10 01 10 10 10 10 10 01 10 10 10 10 01 10 10 01 
10 10 10 10 10 10 10 10 10 11 11 11 11 10 10 01 01 01 01 01 01 01 01 01 01 01 01 01 01 10 10 10 10 10 10 10 10 10 10 10 10 10 10 10 10 10 10 10 10 10 10 10 10 10 10 10 10 10 10 10 10 10 10 10 10 10 10 10 10 10 10 10 10 10 10 10 10 01 01 01 01 01 10 10 10 10 10 10 10 10 10 10 10 10 10 10 10 10 10 10 10 11 11 11 11 11 10 01 01 01 01 01 01 01 01 10 10 10 10 10 10 10 10 10 10 01 00 00 
10 10 10 10 10 10 10 10 10 11 11 11 11 10 10 01 01 01 01 01 01 01 01 01 01 01 01 01 01 10 10 10 10 10 10 10 10 10 10 10 10 10 10 10 10 10 10 10 10 10 10 10 10 10 10 10 10 10 10 10 10 10 10 10 10 10 10 10 10 10 10 10 10 10 10 10 10 10 01 01 01 01 10 10 10 10 10 10 10 10 10 10 10 10 10 10 10 10 10 10 10 10 11 11 11 11 11 01 01 01 01 01 01 01 01 10 10 10 10 10 10 10 10 10 01 00 00 00 
10 10 10 10 10 10 10 10 11 11 11 11 11 10 10 01 01 01 01 01 01 01 01 01 01 01 01 01 01 10 10 10 10 10 10 10 10 10 10 10 10 10 10 10 10 10 10 10 10 10 10 10 10 10 10 10 10 10 10 10 10 10 10 10 10 10 10 10 10 10 10 10 10 10 10 10 10 10 01 01 01 01 01 10 10 10 10 10 10 11 10 10 10 10 10 10 10 10 10 10 10 10 10 11 11 11 11 10 01 01 01 01 01 10 10 10 10 10 10 10 10 10 10 01 00 00 00 00 
10 10 10 10 10 10 10 10 11 11 11 10 10 10 10 01 01 01 01 01 01 01 01 01 01 01 01 01 01 01 10 10 10 10 10 10 10 10 10 10 10 10 10 10 10 10 10 10 10 10 10 10 10 10 10 10 10 10 10 10 10 10 10 10 10 10 10 10 10 10 10 10 10 10 10 10 10 10 01 01 01 01 01 10 10 10 10 10 10 10 10 10 10 10 10 10 10 10 10 10 10 10 10 11 11 11 11 11 01 01 01 01 01 01 10 10 01 10 10 10 10 10 01 00 00 00 00 00 
10 10 10 10 10 10 10 10 11 11 10 10 10 10 10 01 01 01 01 01 01 01 01 01 01 01 01 01 01 01 01 10 10 10 10 10 10 10 10 10 10 10 10 10 10 10 10 10 10 10 10 10 10 10 10 10 10 10 10 10 10 10 10 10 10 10 10 10 10 10 10 10 10 10 10 10 10 10 01 01 01 01 01 10 10 10 10 11 10 10 10 10 10 10 10 10 10 10 10 10 10 10 10 10 11 11 11 11 11 01 01 01 10 10 10 01 01 10 10 10 10 01 00 00 00 00 00 00 
10 10 10 10 10 10 11 11 11 10 10 10 10 10 10 01 01 01 01 01 01 01 01 01 01 01 01 01 01 10 10 10 10 10 10 10 10 10 10 10 10 10 10 10 10 10 10 10 10 10 10 10 10 10 10 10 10 10 10 10 10 10 10 10 10 10 10 10 10 10 10 10 10 10 10 10 10 01 01 01 01 01 01 10 10 10 10 10 10 10 10 10 10 10 10 10 10 10 10 10 10 10 10 10 11 11 11 11 11 10 01 01 01 01 10 01 01 10 10 10 01 00 00 00 00 00 00 00 
10 10 10 10 10 10 11 11 11 10 10 10 10 10 10 01 01 01 01 01 01 01 01 01 01 01 01 01 01 01 10 10 10 10 10 10 10 10 10 10 10 10 10 10 10 10 10 10 10 10 10 10 10 01 01 10 10 10 10 10 10 10 10 10 10 10 10 10 10 10 10 10 10 10 10 10 10 10 01 01 01 01 01 10 10 10 10 10 10 10 10 10 10 10 10 10 10 10 10 10 10 10 10 10 10 11 11 11 11 11 01 01 01 01 10 10 10 10 10 01 00 00 00 00 00 00 00 00 
10 10 10 10 11 11 11 11 11 10 10 10 10 10 10 01 01 01 01 01 01 01 01 01 01 01 01 01 01 01 01 10 10 10 10 10 10 10 10 10 10 10 10 10 10 10 10 10 10 10 10 10 10 01 01 10 10 01 01 10 10 10 10 10 10 10 10 10 10 10 10 10 10 10 10 10 10 10 01 01 01 01 01 10 10 10 10 10 10 10 10 10 10 10 10 10 10 10 10 10 10 10 10 10 10 10 11 11 11 11 10 01 01 01 01 10 10 10 01 00 00 00 00 00 00 00 00 00 
10 10 10 10 11 11 10 10 10 10 10 10 10 10 10 01 01 01 01 01 01 01 01 01 01 01 01 01 01 01 10 10 10 10 10 10 10 10 10 10 10 10 10 10 10 10 10 10 10 10 10 10 10 10 10 01 01 01 01 01 01 10 10 10 10 10 10 10 10 10 10 10 10 10 10 10 10 01 01 01 01 01 01 10 10 10 10 10 10 10 10 10 10 10 10 10 10 10 10 10 10 10 10 10 10 10 11 11 11 11 11 01 01 01 01 10 10 01 00 00 00 00 00 00 00 00 00 00 
10 10 10 11 11 10 10 10 10 10 10 10 10 10 10 01 01 01 01 01 01 01 01 01 01 01 01 01 01 01 10 10 10 10 10 10 10 10 10 10 10 10 10 10 10 10 10 10 10 10 10 10 10 10 10 10 10 10 10 10 10 01 01 01 10 10 10 10 10 10 10 10 10 10 10 10 10 01 01 01 01 01 01 10 10 10 10 10 10 10 10 10 10 10 10 10 10 10 10 10 10 10 10 10 10 10 10 11 11 11 11 11 01 01 01 10 01 00 00 00 00 00 00 00 00 00 00 00 
10 10 10 11 11 10 10 10 10 11 10 10 11 10 10 01 01 01 01 01 01 01 01 01 01 01 01 01 01 10 01 10 10 10 10 10 10 10 10 10 10 10 10 10 10 10 10 10 10 10 10 10 10 10 11 11 11 11 11 11 11 11 10 10 01 01 10 10 10 10 10 10 10 10 10 10 10 01 01 01 01 01 01 10 10 10 10 10 10 10 10 10 10 10 10 10 10 10 10 10 10 10 10 10 10 10 10 11 11 11 11 11 10 01 01 01 00 00 00 00 00 00 00 00 00 00 00 00 
10 10 11 11 10 10 10 10 10 11 10 10 11 10 10 01 01 01 01 01 01 01 01 01 01 01 01 01 01 10 01 10 10 10 10 10 10 10 10 10 10 10 10 10 10 10 10 10 10 10 10 10 10 11 11 11 11 11 11 11 11 11 11 11 11 10 01 01 01 10 10 10 10 10 10 10 01 01 01 01 01 01 01 10 10 10 10 10 10 10 10 10 10 10 10 10 10 10 10 10 10 10 10 10 10 10 10 10 11 11 11 11 11 10 01 00 00 00 00 00 00 00 00 00 00 00 00 00 
10 11 11 10 10 10 01 10 10 10 11 11 11 10 10 01 01 01 01 01 01 01 01 01 01 01 01 01 01 01 10 10 10 10 10 10 10 10 10 10 10 10 10 10 10 10 10 10 10 10 10 10 10 10 10 11 11 11 11 11 11 11 11 11 11 11 11 01 01 10 10 10 10 10 10 10 01 01 01 01 01 01 01 10 10 10 10 10 10 10 10 10 10 10 10 10 10 10 10 10 10 10 10 10 10 10 10 10 11 11 11 11 11 10 00 00 00 00 00 00 00 00 00 00 00 00 00 00 
11 11 11 10 10 01 01 10 10 11 11 11 11 10 10 01 01 00 01 01 01 01 01 01 01 01 01 01 01 01 01 01 10 10 10 10 10 10 10 10 10 10 10 10 10 10 10 10 10 10 10 10 10 10 10 11 11 11 11 11 11 11 11 11 11 11 11 11 10 01 01 01 01 10 01 01 01 01 01 01 01 01 01 10 10 10 10 10 10 10 10 10 10 10 10 10 10 10 10 10 10 10 10 10 10 10 10 10 10 11 11 11 11 01 00 00 00 00 00 00 00 00 00 00 00 00 00 00 
11 11 10 10 10 01 01 10 10 11 11 11 11 10 10 01 00 00 01 01 01 01 01 01 01 01 01 01 01 01 01 01 10 10 10 10 10 10 01 10 01 01 10 01 10 01 10 10 10 10 10 10 10 10 10 10 11 11 11 11 11 11 11 11 11 11 11 11 11 11 01 01 01 01 01 01 01 01 01 01 01 01 01 10 10 10 10 10 10 10 10 10 10 10 10 10 10 10 10 10 10 10 10 10 10 10 10 10 10 10 11 11 11 00 00 00 00 00 00 00 00 00 00 00 00 00 00 00 
11 11 10 10 01 00 01 10 10 11 11 11 10 10 10 01 00 00 01 01 01 01 01 01 01 01 01 01 01 01 01 01 01 01 10 10 10 10 10 01 01 01 01 01 10 01 10 10 10 10 10 10 10 10 10 10 11 11 11 11 11 11 11 11 11 11 11 11 11 11 11 01 01 01 01 01 01 01 01 01 01 01 01 10 10 10 10 10 10 10 10 10 10 10 10 10 10 10 10 10 10 10 10 10 10 10 10 10 10 10 11 11 00 00 00 00 00 00 00 00 00 00 00 00 00 00 00 00 
11 10 10 01 01 00 01 10 10 11 11 11 10 10 10 01 00 00 01 01 01 01 01 01 01 01 01 01 01 01 01 01 01 01 01 10 10 10 10 01 01 01 01 01 10 10 10 10 10 10 10 10 10 10 10 10 10 11 11 11 11 11 11 11 11 11 11 11 11 11 11 11 10 01 01 01 01 01 01 01 01 01 01 10 10 10 10 10 10 10 10 10 10 10 10 10 10 10 10 10 10 10 10 10 10 10 10 10 10 10 10 00 00 00 00 00 00 00 00 00 00 00 00 00 00 00 00 01 
11 10 10 01 01 01 01 10 10 11 11 11 10 10 10 01 00 00 01 01 01 01 01 01 01 01 01 01 01 01 01 01 01 01 10 01 10 10 01 01 01 01 01 01 01 10 10 10 10 10 10 10 10 10 10 10 10 11 11 11 11 11 11 11 11 11 11 11 11 11 11 11 11 11 01 01 01 01 01 01 01 01 01 10 10 10 10 10 10 10 10 01 01 10 10 10 10 10 10 10 10 10 10 10 10 10 10 10 10 10 00 00 00 00 00 00 00 00 00 00 00 00 00 00 00 00 00 10 
10 10 01 01 01 01 01 10 10 11 11 11 10 10 10 01 00 00 01 01 01 01 01 01 01 01 01 01 01 01 01 01 10 10 01 01 10 10 01 01 01 01 01 01 01 01 10 10 10 10 10 10 10 10 10 10 10 11 11 11 11 11 11 11 11 11 11 11 11 11 11 11 11 11 11 01 01 01 01 01 01 01 01 01 10 10 10 10 10 10 10 01 01 01 10 10 10 10 10 10 10 10 10 10 10 10 10 10 10 01 00 00 00 00 00 00 00 00 00 00 00 00 00 00 00 00 10 10 
10 10 01 01 01 01 01 10 10 11 11 11 10 10 10 01 01 00 01 01 01 01 01 01 01 01 01 01 01 01 01 01 01 01 10 10 10 01 01 01 01 01 10 01 01 01 01 10 10 10 10 10 10 10 10 10 10 11 11 11 11 11 11 11 11 11 11 11 11 11 11 11 11 11 11 11 01 01 01 01 01 01 01 01 10 10 10 10 10 10 10 01 00 00 01 10 10 10 10 10 10 10 10 10 10 10 10 10 01 00 00 00 00 00 00 00 00 00 00 00 00 00 00 00 00 10 10 10 
10 01 01 01 01 01 01 10 10 11 11 11 11 10 10 01 01 00 01 01 01 01 01 01 01 01 01 01 01 01 01 01 01 01 01 10 01 01 01 01 01 01 01 01 01 01 10 10 10 10 10 10 10 10 10 10 10 11 11 11 11 11 11 11 11 11 11 11 11 11 11 11 11 11 11 11 10 00 01 01 01 01 01 01 10 10 10 10 10 10 10 01 00 00 01 10 10 10 10 10 10 10 10 10 10 10 10 10 00 00 00 00 00 00 00 00 00 00 00 00 00 00 00 01 10 10 10 10 
01 01 01 01 01 01 01 10 10 10 11 11 10 10 10 01 01 00 01 01 01 01 01 01 01 01 01 01 01 01 01 01 01 10 10 01 01 01 01 01 01 01 01 01 01 10 10 10 10 10 10 10 10 10 10 10 10 11 11 11 10 11 11 11 11 11 11 11 11 11 11 11 11 11 11 11 11 01 00 01 01 01 01 01 10 10 10 10 10 10 10 01 00 00 01 01 10 10 10 10 10 10 10 10 10 10 10 00 00 00 00 00 00 00 00 00 00 00 00 00 00 00 01 10 10 10 10 10 
01 01 01 01 01 01 01 10 10 10 11 11 11 10 10 01 00 00 01 01 01 01 01 01 01 01 01 01 01 01 01 01 01 10 10 01 01 01 01 01 01 01 01 01 01 10 10 10 10 10 10 10 10 10 10 10 10 11 10 11 11 11 11 11 11 11 11 11 11 11 11 11 11 11 11 11 11 11 10 00 00 01 01 01 10 10 10 10 10 10 10 01 00 00 00 01 10 10 10 10 10 10 10 10 10 10 01 00 00 00 00 00 00 00 00 00 00 00 00 00 00 00 01 10 10 10 10 10 
01 01 01 01 01 01 01 10 10 10 11 11 11 10 10 01 01 00 01 01 01 01 01 01 01 01 01 01 01 01 01 01 01 10 01 01 01 01 01 01 01 01 01 01 10 10 10 10 10 10 10 10 10 10 10 10 10 10 11 11 11 11 11 11 11 11 11 11 11 11 11 11 11 11 11 11 11 11 11 10 00 00 01 01 10 10 10 10 10 10 10 01 00 00 00 00 01 10 10 10 10 10 10 10 10 10 00 00 00 00 00 00 00 00 00 00 00 00 00 00 00 01 10 10 10 10 11 10 
01 01 01 01 01 01 01 10 10 10 11 11 10 10 10 01 01 00 01 01 01 01 01 01 01 01 01 01 01 01 01 01 10 10 01 01 01 01 01 01 01 01 01 10 10 10 10 10 10 10 10 10 10 10 10 10 10 11 11 11 11 11 11 11 11 11 11 11 11 11 11 11 11 11 11 11 11 11 11 11 01 00 01 01 10 10 10 10 10 10 10 01 00 00 00 00 00 01 10 10 10 10 10 10 10 01 00 00 00 00 00 00 00 00 00 00 00 00 00 00 01 10 10 10 10 11 11 11 
01 01 01 01 01 01 01 10 10 10 11 11 11 10 10 01 01 00 01 01 01 01 01 01 01 01 01 01 01 01 01 01 11 01 01 01 01 01 01 01 01 01 10 10 10 10 10 10 10 10 10 10 10 01 10 11 11 11 11 11 11 11 11 11 11 11 11 11 11 11 11 11 11 11 11 11 11 11 11 11 11 00 00 01 10 10 10 10 10 10 10 01 00 00 00 00 00 01 01 10 10 10 10 10 10 00 00 00 00 00 00 00 00 00 00 00 00 00 00 00 10 10 10 10 10 10 10 10 
01 01 01 01 01 01 01 10 10 10 11 11 10 10 10 01 01 00 01 01 01 01 01 01 01 01 01 01 01 01 01 01 11 01 01 01 01 01 01 01 01 01 10 10 10 10 10 10 10 10 10 10 01 10 11 11 11 11 11 11 11 11 11 11 11 11 11 11 11 11 11 11 11 11 11 11 11 11 11 11 11 10 00 01 10 10 10 10 10 10 10 01 00 00 00 00 00 00 11 11 11 11 11 11 00 00 00 00 00 00 00 00 00 00 00 00 00 00 00 10 10 10 10 10 10 10 10 10 
01 01 01 01 01 01 01 10 10 10 11 11 10 10 10 01 00 00 01 01 01 01 01 01 01 01 01 01 01 01 01 10 11 01 01 01 01 01 01 01 01 01 10 10 10 10 10 10 10 10 01 01 10 11 11 11 11 11 11 11 11 11 11 11 11 11 11 11 11 11 11 11 11 11 11 11 11 11 11 11 11 11 00 01 10 10 10 10 10 10 10 01 00 00 00 00 00 11 11 11 11 11 11 11 00 00 00 00 00 00 00 00 00 00 00 00 00 00 01 10 10 10 10 11 10 10 10 10 
01 01 01 01 01 01 01 10 10 11 11 11 10 10 10 01 00 00 00 01 01 01 01 01 01 01 01 01 01 01 01 11 11 01 01 01 01 01 01 01 01 10 10 10 10 01 10 10 10 01 01 10 11 11 11 11 11 11 11 11 11 11 11 11 11 11 11 11 11 11 11 11 11 11 11 11 11 11 11 11 11 11 01 01 10 10 10 10 10 10 10 01 00 00 00 01 11 11 11 11 11 11 11 11 10 00 00 00 00 00 00 00 00 00 00 00 00 01 10 10 10 10 10 10 10 10 10 10 
01 01 01 01 01 01 01 10 10 11 11 11 11 10 10 01 00 00 00 01 01 01 01 01 01 01 01 01 01 01 01 11 10 01 01 01 01 01 01 01 10 10 01 01 10 10 10 10 01 01 11 11 11 11 11 11 11 11 11 11 11 11 11 11 11 11 11 11 11 11 11 11 11 11 11 11 11 11 11 11 11 11 11 01 10 10 10 10 10 10 10 01 00 00 10 11 11 11 11 11 11 11 11 11 11 00 00 00 00 00 00 00 00 00 00 00 00 10 10 10 10 10 10 10 10 10 10 10 
01 01 01 01 01 01 01 10 10 11 11 11 11 10 10 01 00 00 01 01 01 01 01 01 01 01 01 01 01 01 01 11 10 01 01 01 01 01 01 10 10 01 01 10 10 10 10 01 10 10 11 11 11 11 11 11 11 11 11 11 11 11 11 11 11 11 11 11 11 11 11 11 11 11 11 11 11 11 11 11 11 11 11 11 10 10 10 10 10 10 10 01 00 11 11 11 11 11 11 11 11 11 11 11 10 00 00 00 00 00 00 00 00 00 00 00 01 10 10 10 10 10 10 10 10 10 10 10 
01 01 01 01 01 01 01 10 10 11 11 11 11 10 10 01 01 00 01 01 01 01 01 01 01 01 01 01 01 01 01 11 10 01 01 01 01 01 01 01 01 01 10 10 10 10 01 10 10 10 10 10 11 11 11 11 11 11 11 11 11 11 11 11 11 11 11 11 11 11 11 11 11 11 11 11 11 11 11 11 11 11 11 11 11 10 10 10 10 10 10 11 11 11 11 11 11 11 11 11 11 11 11 11 10 00 00 00 00 00 00 00 00 00 00 00 10 10 10 10 10 10 10 10 10 10 10 10 
01 01 01 01 01 01 01 10 10 10 11 11 11 10 10 01 00 00 01 01 01 01 01 01 01 01 01 01 01 01 10 11 10 01 01 01 01 01 01 01 01 10 10 01 10 01 10 10 10 10 10 10 10 11 11 11 11 11 11 11 11 11 11 11 11 11 11 11 11 11 11 11 11 11 11 11 11 11 11 11 11 11 11 11 11 11 10 10 10 11 11 11 11 11 11 11 11 11 11 11 11 11 11 11 00 00 00 00 00 00 00 00 00 00 00 10 10 10 10 10 10 10 10 10 10 10 10 10 
01 01 01 01 01 01 01 10 10 11 11 11 11 11 10 01 00 00 01 01 01 01 01 01 01 01 01 01 01 01 11 11 10 01 01 01 01 01 01 01 01 01 01 10 01 10 10 10 10 10 10 10 10 11 11 11 11 11 11 11 10 11 11 11 11 11 11 11 11 11 11 11 11 11 11 11 11 11 11 11 11 11 11 11 11 11 10 10 11 11 11 11 11 11 11 11 11 11 11 11 11 11 11 11 00 00 00 00 00 00 00 00 00 00 01 10 10 10 10 10 10 10 10 10 10 10 10 10 
01 01 01 01 01 01 01 10 10 11 11 11 11 11 10 01 01 00 01 01 01 01 01 01 01 01 01 01 01 01 11 11 10 01 01 01 01 01 01 01 01 01 10 01 10 10 10 10 10 10 10 10 10 10 10 11 11 11 10 11 11 11 11 11 11 11 11 11 11 11 11 11 11 11 11 11 11 11 11 11 11 11 11 11 11 11 11 11 11 11 11 11 11 11 11 11 11 11 11 11 11 11 11 11 00 00 00 00 00 00 00 00 00 01 10 10 10 10 10 10 10 10 10 10 10 10 10 10 
01 01 01 01 01 01 01 10 10 11 11 11 11 11 10 01 01 00 01 01 01 01 01 01 01 01 01 01 01 01 11 11 10 10 01 01 01 01 01 01 01 10 01 10 10 10 10 10 10 10 10 10 10 10 11 11 11 10 11 11 11 11 11 11 11 11 11 11 11 11 11 11 11 11 11 11 11 11 11 11 11 11 11 11 11 11 11 11 11 11 11 11 11 11 11 11 11 11 11 11 11 11 11 11 00 00 00 00 00 00 00 00 00 01 10 10 10 10 10 10 10 10 10 10 10 10 10 10 
01 01 01 01 01 01 01 10 10 11 11 11 11 11 10 01 01 00 01 01 01 01 01 01 01 01 01 01 01 01 11 11 10 10 10 01 01 01 01 01 01 01 10 10 10 10 10 10 10 10 10 10 10 10 11 11 10 11 11 11 11 11 11 11 11 11 11 11 11 11 11 11 11 11 11 11 11 11 11 11 11 11 11 11 11 11 11 11 11 11 11 11 11 11 11 11 11 11 11 11 11 11 11 01 00 00 00 00 00 00 00 00 00 10 10 10 10 10 10 10 10 10 10 10 10 10 10 10 
01 01 01 01 01 01 01 10 10 11 11 11 11 11 10 01 01 00 01 01 01 01 01 01 01 01 01 01 01 01 11 11 10 10 10 10 01 01 01 01 01 10 10 10 10 10 01 10 10 10 10 10 10 10 10 10 11 11 11 11 11 11 11 11 11 11 11 10 11 11 11 11 11 11 11 11 11 11 11 10 11 11 11 11 11 11 11 11 11 11 11 11 11 11 11 11 11 11 10 11 10 11 11 00 00 00 00 00 00 00 00 00 01 10 10 10 10 10 10 10 10 10 10 10 10 10 10 10 
01 01 01 01 01 01 01 10 10 11 11 11 11 11 10 01 01 01 01 01 01 01 01 01 01 01 01 01 01 01 11 11 10 10 10 10 01 01 01 01 10 10 10 10 10 01 10 10 10 10 10 10 10 10 10 10 10 10 11 11 11 10 10 11 10 10 10 11 11 11 11 11 11 11 11 11 11 11 11 11 11 11 11 11 11 11 11 11 11 11 11 11 11 11 11 11 11 10 11 10 10 11 11 00 00 00 00 00 00 00 00 01 10 10 10 10 10 10 10 10 10 10 10 10 10 10 10 10 
01 01 01 01 01 01 01 10 10 11 11 11 11 11 10 01 01 01 01 01 01 01 01 01 01 01 01 01 01 01 11 11 10 10 10 10 01 01 01 10 10 10 10 10 01 10 10 10 10 10 10 10 10 10 10 10 10 10 10 10 10 11 11 10 10 11 11 11 11 11 11 11 10 10 11 10 10 10 11 11 11 11 11 11 11 11 11 11 11 11 11 11 11 11 11 11 11 11 10 10 10 11 00 00 00 00 00 00 00 00 00 10 10 10 10 10 10 10 10 10 10 10 10 10 10 10 10 10 
01 01 01 01 01 01 01 10 10 11 11 11 11 11 10 01 01 00 01 01 01 01 01 01 01 01 01 01 01 01 11 11 11 10 10 10 10 01 10 10 10 10 10 10 10 10 10 10 10 10 10 10 10 10 10 10 10 10 10 10 10 10 10 10 11 10 10 10 11 10 10 10 10 10 10 10 11 11 11 11 11 11 11 11 11 11 11 11 11 11 11 11 11 11 11 11 10 10 10 01 10 11 00 00 00 00 00 00 00 00 01 10 10 10 10 10 10 10 10 10 10 10 10 10 10 10 10 10 
01 01 01 01 01 01 01 10 10 11 11 11 11 11 10 01 01 00 01 01 01 01 01 01 01 01 01 01 01 01 11 11 11 10 10 10 10 01 10 10 10 10 01 10 10 10 10 10 10 10 10 10 10 10 01 10 01 01 01 01 10 10 01 10 10 10 10 10 10 10 10 01 10 10 10 11 11 11 11 11 11 11 11 11 11 11 11 11 11 11 11 11 11 11 11 11 10 01 01 10 11 11 00 00 00 00 00 00 00 00 10 10 10 10 10 10 10 10 10 10 10 10 10 10 10 10 10 10 
01 01 01 01 01 01 01 10 10 11 11 11 11 11 10 01 00 00 01 01 01 01 01 01 01 01 01 01 01 01 11 11 11 11 10 10 10 01 01 01 01 01 10 10 10 10 10 10 10 10 10 10 10 10 10 10 01 01 00 00 10 10 10 10 01 01 01 01 01 00 00 00 00 11 11 10 11 11 11 11 11 11 11 11 11 11 11 11 11 11 11 11 11 11 10 01 01 01 01 11 11 00 00 00 00 00 00 00 00 01 10 10 10 10 10 10 10 10 10 10 10 10 10 10 10 10 10 10 
01 01 01 01 01 01 01 10 10 11 11 11 11 11 10 01 00 00 01 01 01 01 01 01 01 01 01 01 01 01 11 11 11 11 10 10 10 01 01 01 01 10 10 10 10 10 10 10 10 10 10 10 01 10 10 01 01 01 01 01 01 10 01 00 00 01 00 00 00 00 00 00 10 11 11 11 11 11 11 11 11 11 11 11 11 11 11 11 11 11 11 11 01 01 01 01 01 01 11 11 01 00 00 00 00 00 00 00 00 10 10 10 10 10 10 10 10 10 10 10 10 10 10 10 10 10 10 10 
01 01 01 01 01 01 01 10 10 11 11 11 11 11 10 01 00 00 01 01 01 01 01 01 01 01 01 01 01 01 11 11 11 11 10 10 10 10 01 01 10 10 10 10 10 10 10 10 10 10 10 01 10 10 01 10 01 00 00 00 01 01 01 01 01 01 00 01 00 00 00 11 10 11 11 11 11 11 11 11 11 11 11 11 11 11 11 11 11 11 01 01 01 01 01 01 10 11 11 00 00 00 00 00 00 00 00 00 00 10 10 10 10 11 10 10 10 10 10 10 10 10 10 10 10 10 10 10 
01 01 01 01 01 01 01 10 10 11 11 11 11 11 10 01 01 00 01 01 01 01 01 01 01 01 01 01 01 01 11 11 11 11 10 10 10 10 01 01 10 10 10 01 10 10 10 10 10 10 01 10 10 01 01 00 00 00 00 00 01 01 00 01 01 01 00 00 00 00 11 10 11 11 11 11 11 11 11 11 11 11 11 11 11 11 11 11 01 10 01 01 01 01 10 11 11 11 00 00 00 00 00 00 00 00 00 00 01 10 10 10 11 10 10 10 10 10 10 10 10 10 10 10 10 10 10 10 
01 01 01 01 01 01 01 10 10 11 11 11 11 11 10 01 01 00 01 01 01 01 01 01 01 01 01 01 01 01 01 11 11 11 10 10 10 01 01 10 10 10 01 10 10 10 01 10 10 10 10 10 01 00 01 00 00 00 00 01 01 00 00 01 01 00 00 01 00 10 10 11 11 11 11 11 11 11 11 11 11 11 11 11 11 11 01 01 01 10 10 10 10 11 11 11 11 00 00 00 00 00 00 00 00 00 00 00 10 10 10 11 11 11 11 10 10 10 10 10 10 10 10 10 10 10 10 10 
01 01 01 01 01 01 01 10 10 11 11 11 11 11 10 01 01 00 01 01 01 01 01 01 01 01 01 01 01 01 01 11 11 11 11 10 10 01 10 10 10 01 10 10 10 01 10 10 01 01 01 00 00 00 00 00 00 00 00 01 00 00 01 01 00 00 00 10 10 10 11 11 11 11 11 11 11 11 11 11 11 11 11 11 10 01 00 10 01 10 10 11 11 11 11 11 00 00 00 00 00 00 00 00 00 00 00 01 10 10 10 11 11 11 11 10 10 10 10 10 10 10 10 10 10 10 10 10 
01 01 01 01 01 01 01 10 10 11 11 11 11 11 10 10 00 00 01 01 01 01 01 01 01 01 01 01 01 01 01 11 11 11 11 11 01 10 10 10 01 10 10 01 01 10 10 10 01 00 00 00 01 00 00 01 00 00 01 00 00 00 00 01 00 00 01 10 10 11 11 11 11 11 11 11 11 11 11 11 11 11 11 10 00 00 01 01 10 01 10 11 11 11 11 00 00 00 00 00 00 00 00 00 00 00 00 10 10 10 11 11 11 11 11 11 11 11 10 10 10 10 10 10 10 10 10 10 
01 01 01 01 01 01 01 10 10 11 11 11 11 11 10 10 00 00 01 01 01 01 01 01 01 01 01 01 01 01 01 01 11 11 11 11 10 10 10 01 01 10 10 10 10 10 10 01 01 01 00 01 00 00 00 01 00 00 00 00 00 00 00 00 01 01 01 10 11 11 11 11 11 11 11 11 11 11 11 11 11 11 11 11 01 01 01 01 10 01 10 11 11 10 00 00 00 00 00 00 00 00 00 00 00 00 01 10 10 10 11 11 11 11 11 11 11 11 10 10 10 10 10 10 10 10 10 10 
01 01 01 01 01 01 01 10 10 11 11 11 11 11 10 01 00 00 01 01 01 01 01 01 01 01 01 01 01 01 01 01 10 11 11 11 10 01 01 01 10 10 01 10 10 10 01 00 00 00 01 01 00 00 00 00 00 00 00 00 00 00 00 00 01 10 10 11 11 11 11 11 11 11 11 11 11 11 11 11 11 11 11 11 10 01 01 01 01 10 10 11 01 00 00 00 00 00 00 00 00 00 00 00 00 00 01 10 10 10 11 11 11 11 11 11 11 11 10 10 10 10 10 10 10 10 10 10 
01 01 01 01 01 01 01 10 10 11 11 11 11 11 10 01 00 00 01 01 01 01 01 01 01 01 01 01 01 01 01 01 01 11 11 11 10 10 01 10 10 01 10 10 01 01 01 00 00 00 00 00 00 00 00 01 00 00 00 00 00 00 00 01 01 01 10 11 11 11 11 11 11 11 11 11 11 11 11 11 11 11 11 11 11 01 00 00 01 10 10 10 01 00 00 00 00 00 00 00 00 00 00 00 00 01 10 10 10 10 11 11 11 10 11 11 11 11 10 10 10 10 10 10 10 10 10 10 
01 01 01 01 01 01 01 10 10 11 11 11 11 11 10 10 00 00 01 01 01 01 01 01 01 01 01 01 01 01 01 01 01 11 11 10 01 01 10 01 01 10 10 10 01 00 00 00 00 00 00 00 01 00 00 00 01 00 00 00 00 00 01 01 10 10 11 11 11 11 11 11 11 11 11 11 11 11 11 11 11 11 11 11 11 01 00 00 00 01 10 10 00 00 00 00 00 00 00 00 00 00 00 00 00 01 10 10 10 10 11 11 11 11 10 10 10 10 11 10 10 10 10 10 10 10 10 10 
01 01 01 01 01 01 01 10 10 11 11 11 11 11 10 10 01 00 01 01 01 01 01 01 01 01 01 01 01 01 01 01 01 11 11 01 01 01 01 01 10 01 10 01 01 00 00 00 00 00 00 00 00 00 00 00 01 01 00 00 00 10 01 10 10 10 11 11 11 11 11 11 11 11 11 11 11 11 11 11 11 11 11 11 11 10 00 00 00 00 10 10 00 00 00 00 00 00 00 00 00 00 00 00 00 10 10 10 10 10 10 10 10 10 10 10 10 10 11 10 10 10 10 10 10 10 10 10 
01 01 01 01 01 01 01 10 10 11 11 11 11 11 10 10 01 00 01 01 01 01 01 01 01 01 01 01 10 01 01 01 01 11 11 01 01 01 01 10 10 01 00 00 00 00 01 00 00 00 00 00 00 00 01 00 01 00 00 00 01 10 10 11 11 10 11 11 11 11 11 11 10 10 11 11 11 11 11 11 11 11 11 11 11 10 01 00 00 00 10 10 00 00 00 00 00 00 00 00 00 00 00 00 01 10 10 10 10 10 10 10 10 10 10 10 10 10 10 10 10 10 10 10 10 10 10 10 
01 01 01 01 01 01 01 10 10 11 11 11 11 11 10 10 01 00 01 01 01 01 01 01 01 01 01 01 01 01 01 01 01 10 11 01 01 01 10 10 10 01 00 00 00 00 01 00 00 00 00 00 00 00 01 01 00 01 00 01 10 10 11 11 11 10 11 11 11 11 11 10 10 11 11 11 11 11 11 11 11 11 11 11 11 11 01 00 00 00 01 10 00 00 00 00 00 00 00 00 00 00 00 00 10 10 10 10 10 10 10 10 10 10 10 10 10 10 10 10 10 10 10 10 10 10 10 10 
01 01 01 01 01 01 01 10 10 11 11 11 11 11 10 10 01 01 01 01 01 01 01 01 01 01 01 01 01 01 01 01 01 01 11 01 01 10 10 10 01 00 00 01 00 00 00 00 00 00 00 00 00 00 00 00 00 01 00 10 10 11 11 11 11 10 11 11 11 10 10 10 11 11 11 11 11 11 11 11 11 11 11 11 11 11 01 00 00 00 01 11 01 00 00 00 00 00 00 00 00 00 00 00 10 10 10 11 10 10 10 10 10 10 10 10 10 10 10 10 10 10 10 10 10 10 10 10 
01 01 01 01 01 01 01 10 10 11 11 11 11 11 10 10 01 00 01 01 01 01 01 01 01 01 01 01 01 01 01 01 01 10 01 01 10 10 10 01 00 00 00 00 00 00 00 00 00 00 00 00 00 00 00 01 00 00 10 10 11 10 11 11 11 10 11 11 10 10 10 11 11 11 11 11 11 11 11 11 11 11 11 11 11 11 10 00 00 00 01 11 01 00 00 00 00 00 00 00 00 00 00 01 10 10 10 11 10 10 10 10 10 10 10 10 10 10 10 10 10 10 10 10 10 10 10 10 
01 01 01 01 01 01 01 10 10 11 11 11 11 11 10 10 01 00 01 01 01 01 01 01 01 01 01 01 01 01 01 01 10 10 10 10 10 10 01 01 00 00 00 01 00 00 00 01 00 00 00 00 00 01 00 00 00 10 01 11 11 11 11 11 11 11 11 10 10 10 11 11 11 11 11 11 11 11 11 11 11 11 11 11 11 11 10 00 00 00 00 11 01 00 00 00 00 00 00 00 00 00 00 10 10 10 10 10 10 10 10 10 11 11 10 10 10 10 10 10 10 10 10 10 10 10 10 10 
01 01 01 01 01 01 01 10 10 11 11 11 11 11 10 10 01 00 01 01 01 01 01 01 01 01 01 01 01 01 01 10 10 00 00 01 10 01 01 00 01 00 00 01 00 00 00 00 00 00 00 00 00 00 00 00 01 01 11 11 11 10 11 11 11 10 01 01 01 01 10 10 11 11 11 11 11 11 11 11 11 11 11 11 11 11 01 00 00 00 00 11 10 00 00 00 00 00 00 00 00 00 01 10 10 10 10 10 10 10 10 10 10 10 10 10 10 10 10 10 10 10 10 10 10 10 10 10 
01 01 01 01 01 01 01 10 10 11 11 11 11 11 10 10 01 00 01 01 01 01 01 01 01 01 01 01 01 01 10 10 10 00 00 10 10 01 00 00 01 00 01 01 00 00 00 00 00 00 00 00 01 00 00 00 10 10 11 11 11 10 11 11 10 10 10 10 10 01 00 00 01 11 11 11 11 11 11 11 11 11 11 11 01 01 01 00 00 00 00 10 10 00 00 00 00 00 00 00 00 00 01 10 10 10 10 10 10 10 10 10 10 10 10 10 10 10 10 10 10 10 10 10 10 10 10 10 
01 01 01 01 01 01 01 10 10 11 11 11 11 11 10 10 01 00 01 01 01 01 01 01 01 01 01 01 01 10 10 10 10 01 01 01 01 00 00 01 00 00 00 01 00 00 00 00 01 00 00 00 00 00 00 10 10 11 11 11 11 11 11 01 01 01 10 01 10 01 01 01 01 01 10 11 11 11 11 11 11 11 10 01 01 01 01 01 00 00 00 01 10 00 00 00 00 00 00 00 00 00 10 10 10 10 10 10 10 10 10 10 10 10 10 10 10 10 10 10 10 10 10 10 10 10 10 10 
01 01 01 01 01 01 01 10 10 11 11 11 11 11 10 10 01 00 01 01 01 01 01 01 01 01 01 01 10 10 10 10 10 10 10 00 00 00 01 01 00 01 00 00 00 00 00 00 01 00 00 00 00 00 01 10 11 11 11 11 11 11 01 00 00 00 00 00 00 00 00 01 10 10 10 10 11 11 11 11 11 10 01 00 00 00 00 00 00 00 00 01 10 00 00 00 00 00 00 00 00 00 10 10 10 10 10 10 10 10 10 10 10 10 10 10 10 10 10 10 10 10 10 10 10 10 10 10 
01 01 01 01 01 01 01 10 10 11 11 11 11 11 10 10 01 00 01 01 01 01 01 01 01 01 01 11 11 10 10 10 10 00 00 00 01 00 01 00 01 01 00 00 00 00 00 00 00 01 00 00 00 00 10 11 11 11 11 11 11 01 00 00 00 00 00 00 10 00 00 00 10 10 10 10 10 11 11 11 01 00 00 00 00 00 00 00 00 00 00 01 10 01 00 00 00 00 00 00 00 01 10 10 10 10 10 10 10 10 10 10 10 10 10 10 10 10 10 10 10 10 10 10 10 10 10 10 
01 01 01 01 01 01 01 10 10 11 11 11 11 11 10 10 01 00 01 01 01 01 01 01 01 01 01 11 10 10 10 10 10 00 00 01 00 00 00 00 01 01 00 00 00 00 00 00 00 00 00 00 00 01 01 11 11 11 11 11 01 00 00 00 00 00 00 00 11 11 00 01 01 01 10 10 10 11 11 10 00 00 00 01 10 00 00 00 00 00 00 01 10 01 00 00 00 00 00 00 00 10 10 10 10 10 10 10 10 10 10 10 10 10 10 10 10 10 10 10 10 10 10 10 10 10 10 10 
01 01 01 01 01 00 00 01 10 11 11 11 11 11 10 10 01 01 01 01 01 01 01 01 01 00 00 10 11 11 10 00 00 00 00 00 00 00 00 00 01 10 00 00 00 00 01 00 00 00 00 00 00 01 10 10 11 11 11 10 01 01 01 00 01 00 00 01 11 11 10 01 01 01 10 10 11 11 11 01 01 01 01 01 10 00 00 00 00 00 00 01 10 01 01 00 00 00 00 00 00 10 10 10 10 10 10 10 10 10 10 10 10 10 10 10 10 10 10 10 10 10 10 10 10 10 10 10 
01 01 01 01 01 00 00 10 10 11 11 11 11 11 10 10 01 01 01 01 01 01 01 00 00 01 10 11 11 11 00 00 00 01 01 00 00 01 01 01 01 10 00 00 00 00 00 00 00 00 00 00 10 10 11 11 11 11 01 01 10 10 10 01 01 10 10 11 11 11 10 10 10 01 10 10 11 11 11 01 10 10 10 11 10 00 00 00 00 00 00 00 11 01 01 00 00 00 00 00 01 10 10 10 10 10 10 10 10 10 10 10 10 10 10 10 10 10 10 10 10 10 10 10 10 11 11 11 
01 01 01 01 01 00 00 01 10 11 11 11 11 11 10 10 01 01 01 01 01 01 10 00 01 10 10 10 01 00 00 01 01 00 00 00 00 00 00 01 01 01 01 00 00 00 00 00 00 00 00 01 01 11 11 11 11 01 01 10 10 10 10 10 10 01 01 10 10 10 11 10 10 10 10 10 10 11 11 11 10 10 10 01 00 00 01 00 00 00 00 00 11 01 01 00 00 00 00 00 10 10 10 10 10 10 10 10 10 10 10 10 10 10 10 10 10 10 10 10 10 10 10 11 11 11 11 11 
01 01 01 01 01 00 00 01 10 11 11 11 11 11 10 10 01 01 01 01 01 01 01 10 10 10 01 00 01 00 00 00 10 10 01 00 00 00 01 01 01 10 01 00 00 00 00 00 00 00 00 10 10 11 11 11 01 01 10 10 10 10 10 10 10 10 10 10 10 10 10 10 10 10 10 10 10 11 11 11 10 10 10 01 01 01 01 00 00 00 00 00 11 01 00 00 00 00 00 00 10 10 10 10 10 10 10 10 10 10 10 10 10 10 10 10 10 10 10 10 10 10 11 11 11 11 11 11 
01 01 01 01 01 00 00 01 10 11 11 11 11 11 10 10 01 01 01 01 01 01 01 10 01 01 00 01 00 00 00 01 01 00 01 00 00 00 00 10 01 01 01 00 00 00 00 00 00 00 01 01 11 11 11 10 01 01 10 10 10 10 11 11 11 10 10 11 11 11 11 10 10 10 10 10 10 11 11 11 11 10 10 10 01 01 01 00 00 00 00 00 11 10 00 00 00 00 00 01 10 10 10 10 10 10 10 10 10 10 10 10 10 10 10 10 10 10 10 10 11 11 11 11 11 11 11 11 
01 01 01 01 00 00 00 01 10 11 11 11 11 11 10 10 01 01 01 01 01 01 10 10 10 10 10 00 00 00 01 01 01 01 00 00 00 01 01 01 01 10 01 00 00 00 00 00 00 00 10 10 11 11 11 00 01 01 10 10 10 10 11 11 11 11 11 11 11 11 10 10 10 10 10 10 10 11 11 11 11 10 10 10 10 01 01 00 00 00 00 00 11 10 00 00 00 00 00 01 10 10 10 10 10 10 10 10 10 10 10 10 10 10 10 10 10 10 10 11 11 11 11 11 11 11 11 11 
01 01 01 01 00 00 00 01 10 11 11 11 11 11 10 10 01 00 01 01 10 10 10 10 01 00 00 00 00 01 01 01 10 00 00 00 00 00 00 01 01 00 01 01 00 00 00 00 00 01 01 11 11 11 00 00 01 01 10 10 10 10 11 11 11 11 11 11 11 11 10 10 10 10 10 10 10 11 11 11 11 10 10 10 10 10 01 00 00 00 00 00 11 10 00 00 00 00 00 10 10 10 10 10 10 10 10 10 10 10 10 10 10 10 10 10 10 10 11 11 11 11 11 11 11 11 11 11 
01 01 00 00 00 00 00 01 10 11 11 11 11 11 10 10 01 01 01 01 01 01 01 01 01 01 00 00 01 00 01 01 00 00 00 00 00 00 00 00 00 00 01 10 00 00 00 00 00 10 10 11 11 00 00 00 01 10 10 10 10 10 10 11 11 11 11 11 11 11 10 10 10 10 10 10 10 11 11 11 11 10 10 10 10 10 01 00 00 00 00 00 10 10 00 00 00 00 00 10 10 10 10 10 10 10 10 10 10 10 10 10 10 10 10 10 10 10 11 11 11 11 11 11 11 11 11 11 
00 00 00 00 00 00 00 01 10 11 11 11 11 11 10 10 01 00 01 01 01 01 01 10 01 01 01 01 00 00 00 01 00 00 00 00 00 00 00 00 00 00 01 01 10 00 00 00 01 01 11 11 10 00 00 00 01 10 10 10 10 10 10 10 11 11 11 11 11 11 10 10 10 10 10 10 10 11 11 11 11 10 10 10 10 10 01 00 00 00 00 00 11 10 00 00 00 00 01 10 10 11 10 10 10 10 10 10 10 10 10 10 10 10 10 10 10 11 11 11 11 11 11 11 11 11 11 11 
00 00 00 00 00 00 00 01 10 11 11 11 11 11 10 10 01 00 01 01 01 10 10 00 01 10 01 00 01 00 01 10 01 00 00 00 00 00 00 00 00 00 10 01 01 01 00 00 10 10 11 11 00 00 00 00 01 01 10 10 10 10 10 10 11 11 11 11 11 10 10 10 10 10 10 10 10 11 11 11 10 10 10 10 10 10 00 00 00 00 00 00 10 10 01 00 00 00 10 10 10 10 10 10 10 10 10 10 10 10 10 10 10 10 10 10 10 11 11 11 11 11 11 11 11 11 11 11 
00 00 00 00 00 00 00 01 10 11 11 11 11 11 10 10 01 00 01 10 10 01 01 00 10 01 01 00 01 01 01 10 01 00 00 00 00 00 00 01 00 01 10 10 00 00 00 01 01 11 11 00 00 00 00 00 01 01 10 10 10 10 10 10 10 10 11 11 11 10 10 10 10 10 10 10 10 10 11 11 10 10 10 10 10 01 00 00 00 00 00 00 10 10 01 00 00 00 10 10 10 10 10 10 10 10 10 10 10 10 10 10 10 10 10 10 11 11 11 11 11 11 11 11 11 11 11 11 
01 00 00 00 00 00 00 01 10 11 11 11 11 11 10 10 01 00 01 01 01 10 01 00 01 01 00 01 01 00 01 10 00 00 00 00 00 00 00 00 01 01 00 01 00 00 00 10 10 11 10 00 00 00 00 00 01 01 10 10 10 10 10 10 10 10 10 10 10 10 10 10 10 10 10 10 10 10 11 11 10 10 10 10 10 01 00 00 00 00 00 00 01 10 10 00 00 01 10 10 10 10 10 10 10 10 10 10 10 10 10 10 10 10 10 11 11 11 11 11 11 11 11 11 11 11 11 11 
01 00 00 00 00 00 00 01 10 11 11 11 11 11 10 10 01 00 10 01 01 01 00 01 01 01 00 00 01 00 01 10 00 01 00 00 00 00 00 01 00 01 00 00 00 00 10 10 10 11 00 00 00 00 01 00 01 01 10 10 10 10 10 10 10 10 10 10 10 10 10 01 10 10 10 10 10 10 11 11 10 10 10 10 10 01 00 00 00 00 00 00 01 10 10 00 00 01 10 10 10 10 10 10 10 10 10 10 10 10 10 10 10 10 10 11 11 11 11 11 11 11 11 11 11 11 11 11 
01 01 00 00 00 00 00 01 10 11 11 11 11 11 10 10 01 01 01 01 01 01 00 01 01 01 00 01 01 00 01 01 01 01 00 00 00 00 00 00 00 01 00 00 00 01 11 11 11 01 00 00 00 00 01 00 01 01 10 10 10 10 10 10 10 10 10 10 10 10 10 01 10 01 01 01 01 10 11 11 10 10 10 10 01 00 00 00 00 00 00 00 00 11 10 00 00 10 10 10 10 10 10 10 10 10 10 10 10 10 10 10 10 10 10 11 11 11 11 11 11 11 11 11 11 11 11 11 
01 00 00 00 00 00 00 10 10 11 11 11 11 11 10 10 01 00 01 01 01 01 01 01 01 00 00 01 00 00 01 01 10 01 00 00 00 00 00 00 01 00 00 00 00 10 11 11 10 00 00 00 00 00 01 01 01 01 10 10 10 10 10 10 10 10 10 10 10 10 10 10 10 01 01 01 01 10 11 11 10 10 10 10 01 00 00 00 00 00 00 00 00 10 10 00 00 10 10 10 10 10 10 10 10 10 10 10 10 10 10 10 10 10 11 11 11 11 11 11 11 11 11 11 11 11 11 11 
00 00 00 00 00 00 01 10 10 11 11 11 11 11 10 10 01 00 01 01 01 01 00 00 00 00 01 00 01 00 01 01 10 10 00 00 00 10 00 00 00 00 01 01 10 01 10 11 00 00 00 00 00 00 01 01 01 01 10 10 10 10 10 10 10 10 10 10 10 10 10 10 10 10 10 10 10 11 11 11 10 10 10 10 00 00 00 00 00 00 00 00 00 10 10 00 01 10 10 10 10 10 10 10 10 10 10 10 10 10 10 10 10 10 11 11 11 11 11 11 11 11 11 11 11 11 11 11 
00 00 00 00 00 00 01 10 10 11 11 11 11 11 11 10 01 00 01 01 01 10 00 00 00 01 00 00 00 00 01 01 01 10 10 00 00 01 00 00 00 10 10 11 01 01 11 00 00 00 00 00 00 00 01 01 01 10 10 10 10 10 10 10 10 10 10 10 10 10 10 10 10 10 10 11 11 11 11 11 10 10 10 01 00 00 00 00 00 00 00 00 00 10 10 01 10 10 10 10 10 10 10 10 10 10 10 10 10 10 10 10 10 10 11 11 11 11 11 11 11 11 11 11 11 11 11 11 
00 00 00 00 00 00 01 10 10 11 11 11 11 11 10 10 01 00 01 01 10 01 00 00 01 00 00 00 00 00 00 01 01 01 10 00 01 00 00 00 01 10 11 10 01 01 01 00 00 00 00 00 00 00 01 01 01 01 10 10 10 10 10 10 10 10 10 10 10 10 10 10 10 10 11 11 11 11 11 11 10 10 10 00 00 00 00 00 01 00 00 00 00 10 10 01 10 10 10 10 10 10 10 10 10 10 10 10 10 10 10 10 10 10 11 11 11 11 11 11 11 11 11 11 11 11 11 11 
00 00 00 00 00 00 01 10 10 11 11 11 11 11 11 10 01 00 01 10 01 01 00 01 01 00 00 00 00 01 00 01 00 01 01 10 00 00 00 01 01 10 11 01 01 10 00 00 00 00 00 00 00 00 01 01 01 01 10 10 10 10 10 10 10 10 10 10 10 10 10 10 10 10 11 11 11 11 11 10 10 10 01 00 00 00 00 00 00 00 00 00 00 01 10 01 10 10 10 10 10 10 10 10 10 10 10 10 10 10 10 10 10 10 11 11 11 11 11 11 11 11 11 11 11 11 11 11 
00 00 00 00 00 00 01 10 10 11 11 11 11 11 11 10 01 00 01 01 01 01 00 01 00 00 00 00 00 01 01 00 01 00 01 10 00 00 10 11 11 11 01 01 10 00 00 01 00 00 00 00 00 00 01 01 01 01 10 10 10 10 10 10 10 10 10 10 10 10 10 10 10 10 10 10 11 10 10 10 10 10 00 00 00 00 00 00 00 00 00 00 00 01 10 10 10 10 10 10 10 10 10 10 10 10 10 10 10 10 10 10 10 10 11 11 11 11 11 11 11 11 11 11 11 11 11 11 
00 00 00 00 00 00 01 10 10 11 11 11 11 11 10 10 01 01 10 01 10 01 00 00 00 00 00 00 00 01 01 01 00 01 01 01 01 10 10 11 11 01 01 10 00 00 00 00 00 00 00 00 00 00 01 01 01 01 10 10 10 10 10 10 10 10 01 01 01 01 01 01 01 01 01 01 10 01 01 01 10 01 00 00 00 00 00 00 00 00 00 00 00 00 10 10 10 10 10 10 10 10 10 10 10 10 10 10 10 10 10 10 10 11 11 11 11 11 11 11 11 11 11 11 11 11 11 11 
00 00 00 00 00 00 01 10 10 11 11 11 11 11 10 10 01 10 01 01 10 01 00 00 00 00 00 00 00 10 01 01 01 01 01 00 01 10 10 11 11 01 01 10 00 00 00 00 00 00 00 00 00 00 01 01 01 01 01 10 10 10 10 10 10 10 10 10 01 01 01 10 10 10 10 10 11 10 10 10 10 00 00 00 00 00 00 00 00 00 00 00 00 00 10 10 10 10 10 10 10 10 10 10 10 10 10 10 10 10 10 10 10 11 11 11 11 11 11 11 11 11 11 11 11 11 11 11 
00 00 00 00 00 01 01 10 10 11 11 11 11 11 11 10 10 00 01 10 01 01 00 01 00 00 01 00 00 10 00 01 01 01 00 01 10 10 10 11 01 10 11 00 00 00 00 00 00 00 00 00 00 00 00 01 00 01 01 01 01 10 10 10 10 10 10 10 10 10 10 10 10 10 11 11 11 10 10 10 01 00 00 00 00 00 00 00 00 00 00 00 00 00 10 10 10 10 10 10 10 10 10 10 10 10 10 10 10 10 10 10 10 11 11 11 11 11 11 11 11 11 11 11 11 11 11 11 
00 00 00 00 00 00 01 10 10 11 11 11 11 11 11 10 01 00 01 10 01 00 00 00 00 00 00 01 01 01 01 01 00 01 01 01 10 10 10 11 10 11 00 00 00 00 00 00 00 00 00 00 00 00 00 00 00 01 01 01 01 10 10 10 10 10 10 10 10 10 10 10 10 10 10 10 10 10 10 10 00 00 00 00 00 00 00 00 00 00 00 00 00 00 10 10 10 10 10 10 10 10 10 10 10 10 10 10 10 10 10 10 10 11 11 11 11 11 11 11 11 11 11 11 11 11 11 11 
00 00 00 00 00 01 01 10 10 11 11 11 11 11 11 10 01 00 10 01 01 00 01 00 00 00 00 00 10 01 10 10 01 01 10 01 01 10 10 11 11 00 00 00 00 00 00 00 00 00 00 00 00 00 00 00 00 00 01 01 01 01 10 10 10 10 10 10 10 10 10 10 10 01 10 10 10 10 10 00 00 00 00 00 00 00 00 00 00 01 00 00 00 00 10 10 10 10 10 10 10 10 10 10 10 10 10 10 10 10 10 10 10 11 11 11 11 11 11 11 11 11 11 11 11 11 11 11 
00 00 00 00 00 01 01 10 10 10 11 11 11 11 11 10 01 00 10 01 01 00 01 00 00 00 00 00 10 10 01 10 01 01 01 10 01 01 10 11 10 00 00 00 00 00 00 00 00 00 00 00 00 00 00 00 00 00 01 01 01 01 10 10 10 10 10 10 10 10 10 10 10 10 10 10 10 10 01 00 00 00 00 00 00 00 00 00 00 01 00 00 00 00 10 10 10 10 10 10 10 10 10 10 10 10 10 10 10 10 10 10 01 11 11 11 11 11 11 11 11 11 11 11 11 11 11 11 
00 00 00 00 00 01 01 10 10 10 11 11 11 11 10 10 01 00 01 01 00 01 01 00 00 01 00 00 10 01 01 10 01 01 01 10 10 01 10 11 00 00 00 00 00 00 00 00 00 00 00 00 00 00 00 00 00 00 00 00 01 01 01 10 10 10 10 10 10 10 10 10 11 11 11 10 10 10 00 00 00 00 00 00 00 00 00 01 01 01 00 00 00 00 10 10 10 10 10 10 10 10 10 10 10 10 10 10 10 10 10 10 10 11 11 11 11 11 11 11 11 11 11 11 11 11 11 11 
00 00 00 00 00 01 01 10 10 11 11 11 11 11 11 10 01 00 01 01 00 00 01 00 00 00 00 00 01 01 00 01 10 10 01 10 10 01 01 00 00 00 00 00 00 00 00 00 00 00 00 00 00 00 00 00 00 00 00 00 00 01 01 01 10 10 10 10 10 10 11 11 11 11 11 11 10 10 00 00 00 00 00 00 00 00 00 01 01 01 00 00 00 00 11 10 10 10 10 10 10 10 10 10 10 10 10 10 10 10 10 10 10 11 11 11 11 11 11 11 11 11 11 11 11 11 11 11 
00 00 00 00 00 01 01 10 10 11 11 11 11 11 11 10 01 00 01 00 00 00 01 00 00 00 00 00 10 01 00 01 01 10 10 10 10 01 01 00 00 00 00 00 00 00 00 00 00 00 00 00 00 00 00 00 00 00 00 00 00 00 01 01 01 10 10 10 10 10 10 11 11 10 11 10 10 01 00 00 00 00 00 00 00 00 00 01 01 01 00 00 00 00 10 10 10 10 10 10 10 10 10 10 10 10 10 10 10 10 10 10 10 11 11 11 11 11 11 11 11 11 11 11 11 11 10 01 
00 00 00 00 00 01 01 10 10 11 11 11 11 11 11 10 00 00 10 01 00 00 00 00 00 00 00 00 10 10 01 00 01 01 01 01 10 10 10 10 00 00 00 00 00 00 00 00 00 00 00 00 00 00 00 00 00 00 00 00 00 00 00 00 01 01 01 10 10 10 10 10 11 10 10 10 10 01 00 00 00 00 00 00 00 00 00 01 01 01 00 01 00 00 10 10 10 10 10 10 10 10 10 10 10 10 10 10 10 10 10 01 10 11 11 11 11 11 11 11 11 11 11 11 10 00 00 00 
00 00 00 00 00 00 01 01 10 10 11 11 11 11 10 10 01 11 00 01 00 00 00 00 00 00 00 00 01 10 01 00 00 01 01 01 10 10 00 10 10 00 00 00 00 00 00 00 00 00 00 00 00 00 00 00 00 00 00 00 01 01 01 10 10 10 10 10 10 10 10 10 10 10 11 11 11 11 01 00 00 00 00 00 00 00 00 01 01 01 00 01 00 00 10 10 01 01 01 01 10 10 10 10 10 10 10 10 10 10 10 01 11 11 11 11 11 11 11 11 11 11 10 00 00 00 00 00 
00 00 00 00 00 00 00 01 10 10 11 11 11 11 10 10 11 00 00 01 00 00 01 00 00 00 00 00 01 10 10 01 00 01 10 01 01 10 01 01 10 10 00 00 00 00 00 00 00 00 00 00 00 00 00 00 00 00 00 00 01 01 10 10 10 10 10 10 10 10 10 10 10 10 10 11 11 11 11 11 10 00 00 00 00 00 00 01 01 01 00 01 00 00 10 10 10 10 01 01 01 01 01 01 01 01 10 10 10 10 10 01 11 11 11 11 11 11 11 11 11 11 01 00 00 00 00 00 
01 01 00 00 00 00 00 01 10 10 11 11 11 11 11 10 00 00 10 00 00 00 00 00 00 00 01 00 00 01 01 01 01 10 01 01 01 01 01 10 10 01 01 00 00 00 00 00 00 00 00 00 00 00 00 00 00 00 00 00 01 01 10 10 10 10 10 10 10 10 10 10 10 10 10 11 11 11 11 11 11 11 11 00 00 00 00 01 01 01 00 00 00 00 10 10 10 10 10 10 01 01 01 01 01 01 01 01 01 01 01 01 11 11 11 11 11 11 11 11 11 00 00 00 00 00 01 01 
10 10 01 01 00 00 00 01 10 10 11 11 11 11 11 10 01 01 01 00 00 00 00 01 00 00 01 01 00 00 01 10 01 10 00 01 01 01 01 10 10 00 01 00 00 00 00 00 00 00 00 00 00 00 00 00 00 00 00 00 01 01 01 10 10 10 10 10 10 10 10 10 10 10 11 11 11 11 11 11 11 11 11 11 10 00 00 00 01 00 00 00 00 01 10 10 10 10 10 10 10 10 10 01 01 01 01 01 01 01 01 01 11 11 11 11 11 11 11 11 01 00 00 00 00 01 01 01 
10 10 10 01 01 00 00 00 10 10 11 11 11 11 10 10 10 01 00 00 00 00 01 01 00 01 01 00 00 00 00 00 01 00 00 01 01 10 10 10 01 01 00 10 00 00 00 00 00 00 00 00 00 00 00 00 00 00 00 00 01 01 01 10 10 10 10 10 10 10 10 10 10 10 11 11 11 11 11 11 11 11 11 11 11 11 00 00 00 00 00 00 00 01 10 10 10 10 10 10 10 10 10 10 10 01 01 01 01 10 01 01 11 11 11 11 11 11 10 00 00 00 00 00 01 01 01 01 
10 10 10 10 01 00 00 00 10 10 11 11 11 11 10 10 11 01 00 00 00 00 00 00 00 00 00 00 01 01 00 01 00 00 00 01 01 10 10 10 00 01 01 01 00 00 00 00 00 00 00 00 00 00 00 00 00 01 00 00 01 01 10 01 10 10 10 10 10 10 10 10 10 10 11 11 11 11 11 11 11 11 11 11 11 11 11 00 00 00 00 00 00 01 10 10 10 10 10 10 10 10 10 10 10 10 01 01 01 10 01 10 11 11 11 11 11 11 01 00 00 01 01 01 01 01 01 01 
01 10 10 10 10 01 00 00 10 10 11 11 11 11 10 10 10 10 00 00 00 00 00 00 00 00 00 00 00 00 00 01 00 00 00 01 01 01 10 10 10 01 10 00 01 00 00 00 00 00 00 00 00 00 00 00 00 01 00 00 01 01 01 01 10 10 10 10 10 10 10 10 10 10 11 11 11 11 11 11 11 11 11 11 11 11 11 11 00 00 00 00 00 10 10 10 10 10 10 10 10 10 10 10 10 10 10 10 10 10 01 10 11 11 11 11 11 10 00 00 01 01 01 01 01 01 01 01 
00 01 10 11 10 10 00 00 10 10 11 11 11 11 10 10 10 00 00 00 00 00 00 00 00 00 01 00 00 00 00 00 01 00 00 00 01 01 10 10 10 01 00 10 10 00 00 00 00 00 00 00 00 00 00 00 00 01 01 00 01 01 10 10 10 10 10 10 10 10 10 10 10 10 10 11 11 11 11 11 11 11 11 11 11 11 11 11 01 00 00 00 00 10 10 10 10 10 10 10 10 10 10 10 10 10 10 10 10 10 10 11 11 11 11 11 11 10 00 01 01 01 01 01 01 01 01 01 
00 01 10 11 11 10 00 00 10 10 11 11 11 11 10 10 10 01 00 00 00 00 00 00 00 00 01 00 00 00 01 00 00 01 01 01 00 01 01 10 10 10 00 01 11 00 00 00 00 00 00 00 00 00 00 00 01 01 01 00 01 01 10 10 10 10 10 10 10 10 10 10 10 10 10 11 11 11 11 11 11 11 11 11 11 11 11 11 11 00 00 00 00 10 10 10 10 10 10 10 10 10 10 10 10 10 10 10 10 10 10 11 11 11 11 11 11 01 01 01 01 01 01 01 01 01 01 01 
00 00 10 11 11 10 00 00 10 10 11 11 11 11 11 10 01 00 00 00 00 00 00 00 00 00 01 00 00 00 00 01 01 00 01 01 01 01 01 10 10 01 00 01 11 00 00 00 00 00 00 00 00 00 00 00 01 01 01 00 01 01 10 10 10 10 10 10 10 10 10 10 10 10 10 10 11 11 11 11 11 11 11 11 11 11 11 11 11 10 00 00 00 10 10 10 10 10 10 10 10 10 10 10 10 10 10 10 10 11 11 11 11 11 11 11 10 01 01 01 01 01 01 01 01 01 01 01 
00 00 10 11 11 10 00 00 10 11 11 11 11 11 11 10 10 00 00 00 00 00 00 00 00 01 01 00 00 00 00 00 00 00 00 01 01 01 01 10 10 01 00 00 11 00 00 00 00 00 00 00 00 00 00 00 01 01 01 00 01 10 10 10 10 10 10 10 10 10 10 10 10 10 10 10 11 11 11 11 11 11 11 11 11 11 11 11 11 11 00 00 00 10 10 10 10 10 10 10 10 10 10 10 10 10 10 10 11 11 11 11 11 11 11 11 01 01 01 01 01 01 01 01 01 01 01 01 
00 00 10 10 11 10 00 00 10 11 11 11 11 11 11 10 10 00 00 00 00 00 00 00 00 10 01 00 00 00 00 00 00 00 00 01 01 00 00 10 10 01 01 10 10 01 00 00 00 00 00 00 00 00 00 01 01 10 01 00 01 10 10 10 10 10 10 10 10 10 10 10 10 10 10 10 10 11 11 11 11 11 11 11 11 11 11 11 11 11 00 00 00 10 10 10 10 10 10 10 10 10 10 10 10 10 10 10 11 11 11 11 11 11 11 10 01 01 01 01 01 01 01 01 01 01 01 01 
00 00 01 11 11 10 00 00 10 11 11 11 11 11 11 10 01 00 00 00 00 00 00 00 01 01 00 00 00 00 00 00 00 00 00 00 01 01 01 10 10 10 10 10 00 00 00 00 00 00 00 00 00 00 00 01 10 01 01 00 01 10 10 10 10 10 10 10 10 10 10 10 10 10 10 10 10 11 11 11 11 11 11 11 11 11 11 11 11 11 11 00 01 10 10 10 10 10 10 10 10 10 10 10 10 10 01 11 11 11 11 11 11 11 11 10 01 01 01 01 01 01 01 01 01 01 01 01 
00 00 01 10 11 10 00 00 10 10 11 11 11 11 11 10 01 00 00 00 00 00 00 00 00 00 01 00 00 00 00 00 00 00 00 00 00 01 10 10 01 01 10 10 10 01 00 00 00 00 00 00 00 00 00 01 10 10 01 00 01 10 10 10 10 10 10 10 10 10 10 10 10 10 10 10 10 11 11 11 11 11 11 11 11 11 11 11 11 11 11 00 01 10 10 10 10 10 10 10 10 10 10 10 10 10 10 11 11 11 11 11 11 11 10 01 01 01 01 01 01 01 01 01 01 01 01 01 
00 00 01 10 11 10 00 00 10 10 11 11 11 11 11 10 10 00 00 00 00 00 00 00 00 00 00 00 00 00 00 00 00 00 01 00 00 01 10 10 01 01 00 00 00 00 01 01 01 00 00 00 00 00 01 01 10 10 01 00 01 10 10 10 10 10 10 10 10 10 10 10 10 10 10 10 10 10 11 11 11 11 11 11 11 11 11 11 11 11 11 00 01 10 10 10 10 10 10 10 10 10 10 10 10 10 10 11 11 11 11 11 11 11 10 01 01 01 01 01 01 01 01 01 01 01 01 01 
00 00 01 10 11 10 00 00 10 10 11 11 11 11 11 10 01 00 00 00 00 00 00 00 00 00 00 00 00 00 00 00 00 00 01 00 01 01 01 01 01 10 00 00 00 00 00 00 00 00 00 00 00 00 01 10 10 10 00 01 01 10 10 10 10 10 10 10 10 10 10 10 10 10 10 10 10 10 11 11 11 11 11 11 11 11 11 11 11 11 11 10 01 10 10 10 10 10 10 10 10 10 10 10 10 10 10 11 11 11 11 11 11 11 01 01 01 01 01 01 01 01 01 01 01 01 01 01 
00 00 00 10 11 10 01 00 10 10 11 11 11 11 11 10 10 00 00 00 00 00 00 00 00 00 00 00 00 00 00 00 00 00 00 01 00 10 10 10 00 01 10 01 00 00 00 00 00 00 00 00 00 01 01 10 10 01 00 01 10 10 10 10 10 10 10 10 10 10 10 10 10 10 10 10 10 10 11 11 11 11 11 11 11 11 11 11 11 11 11 11 01 10 10 10 10 10 10 10 10 10 10 10 10 10 10 10 11 11 11 11 11 10 01 01 01 01 01 01 00 01 01 01 01 01 01 01 
00 00 00 10 11 10 01 00 01 10 11 11 11 11 11 10 10 00 00 00 00 00 00 00 00 00 00 00 00 00 00 00 00 00 00 01 00 00 00 10 00 00 10 10 00 00 00 00 00 00 00 00 00 01 01 10 10 01 00 01 10 10 10 10 10 10 10 10 10 10 10 10 10 10 10 10 10 10 10 11 11 11 11 11 11 11 11 11 11 11 11 11 10 10 01 01 10 10 10 10 10 10 10 10 10 10 10 10 10 11 11 11 11 10 01 01 01 01 01 00 01 01 01 01 01 01 01 00 
00 00 00 10 11 10 01 00 01 10 11 11 11 11 11 10 10 00 00 00 00 00 00 00 00 00 00 00 00 00 00 00 00 00 00 01 01 00 00 00 00 00 01 01 00 00 00 00 00 00 00 00 01 01 01 10 01 00 01 10 10 10 10 10 10 10 10 10 10 10 10 10 10 10 10 10 10 10 10 11 11 11 11 11 11 11 11 11 11 11 11 11 10 01 00 01 01 01 01 10 10 10 10 10 10 10 10 10 10 11 11 11 11 10 01 01 01 01 00 01 01 01 01 01 01 01 01 00 
00 00 00 10 11 11 10 00 01 10 11 11 11 11 11 10 01 01 00 00 00 00 00 00 00 00 00 00 00 00 00 00 00 00 00 01 10 01 00 00 00 01 00 00 00 00 00 00 00 00 00 00 01 01 01 01 01 00 01 10 10 10 10 10 10 10 10 10 10 10 10 10 10 10 10 10 10 10 10 10 11 11 11 11 11 11 11 11 11 11 11 11 11 00 01 00 00 00 01 01 01 01 01 10 10 10 10 10 10 11 11 11 10 01 01 00 01 01 00 01 01 01 01 01 01 01 00 00 
00 00 00 10 11 11 10 00 01 10 11 11 11 11 11 10 01 01 00 00 00 00 00 00 00 00 00 00 00 00 00 00 00 00 00 01 01 10 01 01 01 00 00 00 00 00 00 00 00 00 00 01 01 01 01 01 00 00 01 10 10 10 10 10 10 10 10 10 10 10 10 10 10 10 10 10 10 10 10 10 11 11 11 11 11 11 11 11 11 11 11 11 11 01 01 01 01 01 00 00 00 00 00 00 01 10 11 11 11 11 11 11 01 00 00 00 01 00 01 01 01 01 01 01 01 01 00 00 
00 00 00 10 11 11 10 00 01 10 11 11 11 11 11 10 01 00 00 00 00 00 00 00 00 00 00 00 00 00 00 00 00 00 00 00 01 10 10 01 01 01 00 00 00 00 00 00 00 00 00 01 01 01 01 00 00 01 10 10 10 10 10 10 10 10 10 10 10 10 10 10 10 10 10 10 10 10 10 10 10 11 11 11 11 11 11 11 11 11 11 11 11 01 01 01 01 01 01 00 00 00 00 00 00 11 11 11 11 11 11 10 01 00 00 01 00 01 01 01 01 01 01 01 01 00 00 00 
01 01 01 10 11 11 10 01 01 10 11 11 11 11 11 10 01 00 00 00 00 00 00 00 00 00 00 00 00 00 00 00 00 00 00 00 00 01 10 10 01 01 00 00 00 00 00 00 00 00 01 01 01 01 00 00 01 10 10 10 10 10 10 10 10 10 10 10 10 10 10 10 10 10 10 10 10 10 10 10 10 11 11 11 11 11 11 11 11 11 11 11 11 10 01 01 01 01 01 01 00 00 00 00 00 11 11 10 11 11 11 01 00 00 00 00 01 01 01 01 01 01 01 01 01 00 00 00 
01 01 01 10 11 11 10 01 01 10 11 11 11 11 11 01 01 00 00 00 00 00 00 00 00 00 00 00 00 00 00 00 00 00 00 00 00 00 01 01 10 00 00 00 00 00 00 00 00 00 01 01 01 00 00 01 01 10 10 10 10 10 10 10 10 10 10 10 10 10 10 10 10 10 10 10 10 10 10 10 10 11 11 11 11 11 11 11 11 11 11 11 11 11 01 01 01 01 01 01 01 00 00 00 00 11 11 11 11 11 01 00 00 00 00 00 01 01 01 00 00 01 01 01 01 00 00 00 
00 01 01 10 11 11 10 01 01 10 11 11 11 11 11 10 01 00 00 00 00 00 00 00 00 00 00 00 00 00 00 00 00 01 00 00 00 00 01 01 00 00 00 00 00 00 00 00 00 01 01 01 00 00 01 01 10 10 10 10 10 10 10 10 10 10 10 10 10 10 10 10 10 10 10 10 10 10 10 10 10 10 11 11 11 11 11 11 11 11 11 11 11 11 01 01 01 01 01 01 01 01 01 01 01 11 11 11 10 01 00 00 00 00 00 01 01 01 00 00 01 01 01 01 01 00 00 00 
00 01 01 10 11 11 10 01 01 10 11 11 11 11 11 10 01 00 00 00 00 00 00 00 00 00 00 00 00 00 01 00 00 01 00 00 00 00 01 10 00 00 00 00 00 00 00 00 00 00 00 00 01 01 01 10 10 10 10 10 10 10 10 10 10 10 10 10 10 10 10 10 10 10 10 10 10 10 10 10 10 10 11 11 11 11 11 11 11 11 11 11 11 11 01 01 01 01 01 01 01 01 01 01 01 10 11 10 01 00 00 00 00 00 01 01 01 00 00 00 01 01 01 01 00 00 00 00 
00 00 01 01 10 11 10 01 01 10 11 11 11 11 11 10 00 00 00 00 00 00 00 00 00 00 00 00 00 00 01 01 00 01 00 00 01 00 01 01 01 00 00 00 00 00 00 00 00 00 01 01 01 01 10 10 10 10 10 10 10 10 10 10 10 10 10 10 10 10 10 10 10 10 10 10 10 10 10 10 10 10 10 11 11 11 11 11 11 11 11 11 11 11 11 00 01 01 01 01 01 01 01 01 01 01 01 01 01 01 01 00 00 01 01 01 00 00 00 01 01 01 01 01 00 00 00 00 
00 00 00 01 10 11 11 10 01 10 11 11 11 11 11 10 00 00 00 00 00 00 00 00 00 00 00 01 00 00 01 01 00 00 01 00 00 01 00 01 01 00 00 00 00 00 00 00 01 01 01 01 01 10 10 10 10 10 10 10 10 10 10 10 10 10 10 10 10 10 10 10 10 10 10 10 10 10 10 10 10 10 10 11 11 11 11 11 11 11 11 11 11 11 11 00 01 01 01 01 01 01 01 01 01 01 01 01 01 01 01 00 01 01 01 00 00 00 00 01 01 01 01 00 00 00 00 00 
00 00 00 01 11 11 11 10 01 10 11 11 11 11 11 01 00 00 00 00 00 00 00 00 00 00 00 01 00 00 01 10 00 00 01 00 00 01 00 00 01 00 00 00 00 00 00 01 01 01 01 01 10 10 10 10 10 10 10 10 10 10 10 10 10 10 10 10 10 10 10 10 10 10 10 10 10 10 10 10 10 10 10 11 11 11 11 11 11 11 11 11 11 11 11 01 01 01 01 01 01 01 01 01 01 01 01 01 01 01 01 01 01 01 00 00 00 00 01 01 01 01 01 00 00 00 00 00 
00 00 00 01 11 11 11 11 01 10 11 11 11 11 11 01 00 00 00 00 00 00 00 00 00 00 00 01 00 00 01 01 10 00 01 00 00 00 00 00 01 01 00 00 00 00 01 01 01 01 01 01 10 10 10 10 10 10 10 10 10 10 10 10 10 10 10 10 10 10 10 10 10 10 10 10 10 10 10 10 10 10 10 11 11 11 11 11 11 11 11 11 11 11 11 01 00 01 01 01 01 01 10 01 01 01 01 10 10 01 01 01 01 01 01 01 00 01 01 10 01 01 00 00 00 00 00 01 
00 00 00 00 11 11 11 11 01 10 11 11 11 11 11 01 00 00 00 00 00 00 00 00 00 00 01 00 00 00 00 00 01 01 01 00 00 00 00 00 00 00 01 00 00 01 01 01 01 01 01 10 10 10 10 10 10 10 10 10 10 10 10 10 10 10 10 10 10 10 10 10 10 10 10 10 10 10 10 10 10 10 10 11 11 11 11 11 11 11 11 11 11 11 11 11 01 01 01 01 01 01 10 10 01 10 10 10 01 01 01 00 00 01 01 01 01 01 10 10 01 00 00 00 00 00 01 01 

Codebook:
Codebook Block 0:
60 58 58 59 
59 57 57 59 
59 57 57 59 
59 57 58 60 

Codebook Block 1:
101 102 102 102 
101 102 102 102 
101 101 102 102 
101 101 102 102 

Codebook Block 2:
138 139 139 138 
139 139 139 138 
139 139 139 139 
139 139 139 138 

Codebook Block 3:
182 183 183 183 
183 184 184 183 
183 184 184 183 
183 183 183 182 

